22
10 1225 55 1272
68 1222 110 1273
120 1222 160 1273
170 1215 210 1273
220 1215 270 1273
280 1219 325 1273
334 1215 376 1273
386 1220 426 1273
440 1219 475 1273
487 1215 538 1273
546 1214 603 1273
610 1219 663 1274
680 1217 723 1275
10 1293 66 1350
80 1293 128 1350
132 1284 185 1350
200 1283 247 1350
256 1285 297 1350
310 1305 363 1350
375 1308 429 1350
436 1300 485 1350
497 1294 548 1350
97 137 36 32
146 137 27 29
187 131 27 37
224 135 20 35
256 130 18 36
293 120 19 56
324 120 20 55
352 120 16 56
89 187 22 45
120 187 32 45
160 187 32 45
202 192 29 38
242 204 30 28
286 209 260 23
88 249 8 8
104 244 8 12
120 243 16 13
144 249 16 7
168 251 16 5
193 246 6 5
209 246 14 6
232 245 16 7
262 245 18 11
294 244 16 12
100 272 7 16
116 272 15 16
140 274 16 9
165 282 23 6
196 274 8 14
212 274 8 14
229 281 6 6
244 272 16 16
269 266 30 28
88 306 8 13
104 306 8 13
123 304 11 16
147 304 11 16
168 306 8 14
185 313 7 7
200 311 8 9
216 308 8 8
234 306 12 12
258 306 12 12
280 304 29 16
